6FQPU6 43.8 66.1 -1.3 59.0 48.2 52.5 62.3 57.6 -4.1 39.1 65.3 48.8 66.5 62.4 39.6 48.5 58.3 44.1 58.2 49.2 44.5 -4.8 40.7 60.9 56.3 53.8 41.3 66.2 54.8 46.9 41.0 38.9
PYBBEN 46.5 63.3 41.5 54.1 45.7 55.0 41.6 40.3 -9.0 56.6 43.6 39.1 45.3 61.5 40.9 38.7 45.2 41.5 47.8 67.3 45.7 -2.2 42.1 38.7 -8.3 42.9 52.7 54.2 38.5 63.6 -6.6 46.4
0UBZNF 45.7 62.6 67.4 39.2 50.3 49.8 42.5 57.1 67.5 51.1 44.3 58.0 50.3 52.8 41.8 63.2 64.2 47.4 70.8 57.2 67.9 50.7 68.4 49.0 45.8 54.0 50.8 40.2 45.7 70.6 64.3 62.0
O1598U 40.0 63.5 45.1 46.5 59.9 69.3 43.3 53.3 48.5 52.2 69.6 41.0 54.8 67.1 50.2 42.6 60.8 67.1 63.8 59.0 65.9 48.0 53.3 69.0 56.2 50.7 62.3 68.1 50.0 49.9 44.8 59.9
BKU9CF 52.9 39.7 -11.8 -10.4 45.7 53.5 65.7 45.1 -9.6 -1.1 50.1 48.9 -5.9 68.9 43.8 57.3 39.3 53.1 71.0 49.7 43.2 68.0 57.3 70.7 41.1 39.6 66.2 58.4 -4.6 -4.7 64.5 61.1
NCLK3F 71.9 65.4 54.6 51.4 69.6 41.1 62.2 58.0 38.9 50.7 53.0 49.6 46.1 52.6 43.8 70.9 65.3 58.7 58.5 39.0 44.7 44.0 62.0 53.2 64.4 38.7 62.1 54.8 58.1 53.5 42.5 49.7
3GTR95 46.6 39.6 45.4 44.4 39.9 49.3 44.4 42.7 68.0 70.3 45.7 71.1 49.0 61.3 54.8 57.3 51.1 56.8 53.3 67.9 62.5 44.4 57.2 45.3 57.1 70.3 59.4 61.4 43.6 44.8 62.5 62.9
HX6BD2 41.2 70.9 38.5 66.4 58.5 56.9 63.4 48.5 49.1 49.0 69.6 42.7 46.3 56.3 40.4 45.1 61.5 51.3 68.7 49.8 42.6 42.8 41.5 47.1 62.2 41.1 44.5 56.2 71.4 45.2 45.1 71.2
PZ2ZRR 44.8 55.9 59.4 63.0 59.9 59.6 71.0 58.8 63.7 67.8 56.0 60.9 64.0 42.6 51.9 58.0 54.3 56.9 56.6 45.1 60.3 57.8 47.3 53.4 47.6 55.9 71.9 40.0 68.1 48.4 57.4 60.9
N6ZP8U 43.7 38.2 39.6 38.9 71.1 40.9 45.3 57.1 51.1 52.8 49.0 43.5 64.8 57.1 52.7 66.4 60.0 40.6 53.1 69.2 63.1 71.0 58.3 56.0 41.2 54.9 54.9 55.5 54.5 38.4 44.3 45.4
U8KPXR 41.9 70.4 53.8 69.7 49.0 64.2 61.1 49.9 48.0 42.0 65.6 70.0 57.8 53.5 64.6 57.8 44.3 49.1 71.6 42.4 46.3 63.2 58.7 53.0 42.9 64.6 63.4 66.4 43.0 54.3 48.2 61.1
UJOL27 59.4 65.0 49.2 69.5 52.5 55.5 64.3 70.1 42.0 55.9 54.1 39.2 42.7 48.4 64.7 39.9 57.9 52.4 43.7 60.0 70.1 57.6 65.7 62.1 39.6 71.2 68.3 48.4 63.8 51.8 66.5 66.0
OK7NPD 48.8 69.9 70.9 58.1 62.6 70.8 54.5 43.2 40.2 51.2 43.4 42.8 59.7 53.2 69.8 41.6 54.8 63.5 51.8 42.1 45.7 68.8 63.1 53.3 59.1 49.2 54.8 70.8 69.5 67.8 46.7 46.8
JMMRZA 68.2 61.1 58.0 40.4 41.9 48.7 55.0 67.4 56.3 60.3 40.6 60.5 47.1 52.2 38.2 56.3 71.5 62.3 38.6 64.0 47.7 43.5 62.1 58.5 44.0 54.1 69.2 44.5 47.6 70.0 43.4 62.3
BZ5BR6 43.4 49.2 48.5 56.6 53.3 60.9 46.9 60.8 56.4 55.4 44.6 57.9 38.6 42.9 42.2 63.0 58.2 46.7 42.5 61.1 63.3 60.2 58.7 65.5 68.0 63.1 52.4 58.3 65.8 58.8 40.2 55.2
